32 16 21 79786
32 32 21 64426
32 64 21 71175
32 128 21 69628
32 256 21 65653
64 16 21 64673
64 32 21 71589
64 64 21 62555
64 128 21 62743
64 256 21 95554
128 16 21 64360
128 32 21 63784
128 64 21 60985
128 128 21 64103
128 256 21 68147
256 16 21 70764
256 32 21 50894
256 64 21 54467
256 128 21 54567
256 256 21 56764
512 16 21 56213
512 32 21 55287
512 64 21 53896
512 128 21 54343
512 256 21 64629
32 16 21 63169
32 32 21 71553
32 64 21 66800
32 128 21 65415
32 256 21 65040
64 16 21 65417
64 32 21 65556
64 64 21 69127
64 128 21 72079
64 256 21 66436
128 16 21 67694
128 32 21 56557
128 64 21 54970
128 128 21 54257
128 256 21 57462
256 16 21 56731
256 32 21 55090
256 64 21 54533
256 128 21 59440
256 256 21 56349
512 16 21 54228
512 32 21 54341
512 64 21 53421
512 128 21 54372
512 256 21 55330
32 16 21 79678
32 16 21 80306
32 16 21 77371
32 32 21 69713
32 32 21 74801
32 32 21 72151
32 64 21 63839
32 64 21 77925
32 64 21 79340
32 128 21 68328
32 128 21 75611
32 128 21 73288
32 256 21 63311
32 256 21 70368
32 256 21 70624
64 16 21 72226
64 16 21 58781
64 16 21 58873
64 32 21 54468
64 32 21 55339
64 32 21 55165
64 64 21 54674
64 64 21 56022
64 64 21 68533
64 128 21 55520
64 128 21 56025
64 128 21 56211
64 256 21 57617
64 256 21 55221
64 256 21 56930
128 16 21 57618
128 16 21 57815
128 16 21 56438
128 32 21 54280
128 32 21 55427
128 32 21 54926
128 64 21 58264
128 64 21 50952
128 64 21 55953
128 128 21 56889
128 128 21 55403
128 128 21 55436
128 256 21 57757
128 256 21 54902
128 256 21 56516
256 16 21 55570
256 16 21 52628
256 16 21 62419
256 32 21 56387
256 32 21 52611
256 32 21 56095
256 64 21 54860
256 64 21 52826
256 64 21 59797
256 128 21 56223
256 128 21 56249
256 128 21 54315
256 256 21 60261
256 256 21 52939
256 256 21 57180
512 16 21 56364
512 16 21 53250
512 16 21 59386
512 32 21 53567
512 32 21 53062
512 32 21 59313
512 64 21 54777
512 64 21 54676
512 64 21 57604
512 128 21 56165
512 128 21 54566
512 128 21 71920
512 256 21 56224
512 256 21 56010
512 256 21 57476
