32 16 20 t seq 118003 64814
32 16 20 f seq 128991 64557
32 16 22 t seq 541369 486702
32 16 22 f seq 543094 488758
32 16 24 t seq 3750437 3678471
32 16 24 f seq 3750539 3680051
32 32 20 t seq 90073 36823
32 32 20 f seq 91415 37084
32 32 22 t seq 350928 288927
32 32 22 f seq 343589 289060
32 32 24 t seq 2337096 2268359
32 32 24 f seq 2339090 2270378
32 64 20 t seq 74529 21914
32 64 20 f seq 76259 21726
32 64 22 t seq 241287 175601
32 64 22 f seq 226458 171383
32 64 24 t seq 1407826 1337258
32 64 24 f seq 1407920 1339287
32 128 20 t seq 70916 18591
32 128 20 f seq 72159 18645
32 128 22 t seq 206835 148601
32 128 22 f seq 206337 147816
32 128 24 t seq 1216678 1146787
32 128 24 f seq 1217095 1148247
32 256 20 t seq 68870 16207
32 256 20 f seq 71866 16244
32 256 22 t seq 193533 130993
32 256 22 f seq 189870 129040
32 256 24 t seq 1071631 1004154
32 256 24 f seq 1072549 1003796
64 16 20 t seq 100733 37648
64 16 20 f seq 93401 37691
64 16 22 t seq 351826 287388
64 16 22 f seq 344737 287133
64 16 24 t seq 2238033 2167357
64 16 24 f seq 2236888 2167982
64 32 20 t seq 75531 21793
64 32 20 f seq 77588 22079
64 32 22 t seq 227691 170722
64 32 22 f seq 226148 171217
64 32 24 t seq 1406555 1337158
64 32 24 f seq 1406210 1339699
64 64 20 t seq 72868 17300
64 64 20 f seq 70567 17353
64 64 22 t seq 195929 137991
64 64 22 f seq 197807 138065
64 64 24 t seq 1143169 1070847
64 64 24 f seq 1493857 1423341
64 128 20 t seq 68035 15152
64 128 20 f seq 68694 15099
64 128 22 t seq 185065 124699
64 128 22 f seq 177761 119862
64 128 24 t seq 1000168 932890
64 128 24 f seq 1002749 931549
64 256 20 t seq 70398 14078
64 256 20 f seq 72023 15508
64 256 22 t seq 169428 111553
64 256 22 f seq 167947 111292
64 256 24 t seq 940973 868158
64 256 24 f seq 936106 868172
128 16 20 t seq 86363 30392
128 16 20 f seq 90086 30399
128 16 22 t seq 294182 230470
128 16 22 f seq 286103 230063
128 16 24 t seq 1812546 1742210
128 16 24 f seq 1814848 1741934
128 32 20 t seq 71641 17298
128 32 20 f seq 71061 17361
128 32 22 t seq 198976 137699
128 32 22 f seq 195928 137908
128 32 24 t seq 1141115 1072040
128 32 24 f seq 1152982 1069343
128 64 20 t seq 70128 15063
128 64 20 f seq 69707 15102
128 64 22 t seq 182643 120416
128 64 22 f seq 182533 120337
128 64 24 t seq 1001121 933330
128 64 24 f seq 1005081 934288
128 128 20 t seq 67838 13987
128 128 20 f seq 66322 14096
128 128 22 t seq 168425 110953
128 128 22 f seq 168438 111250
128 128 24 t seq 938593 866816
128 128 24 f seq 938294 866442
128 256 20 t seq 68322 13536
128 256 20 f seq 65053 13608
128 256 22 t seq 168082 107154
128 256 22 f seq 167365 107428
128 256 24 t seq 902797 834922
128 256 24 f seq 907029 834681
256 16 20 t seq 83881 26857
256 16 20 f seq 83675 26235
256 16 22 t seq 260446 200399
256 16 22 f seq 260594 200020
256 16 24 t seq 1591433 1513896
256 16 24 f seq 1582837 1513363
256 32 20 t seq 67882 15162
256 32 20 f seq 67760 15098
256 32 22 t seq 181709 119602
256 32 22 f seq 177125 119260
256 32 24 t seq 1006471 933797
256 32 24 f seq 1014570 934443
256 64 20 t seq 67727 15748
256 64 20 f seq 69326 13733
256 64 22 t seq 169763 109192
256 64 22 f seq 166433 109460
256 64 24 t seq 917151 849289
256 64 24 f seq 918946 848612
256 128 20 t seq 69386 13468
256 128 20 f seq 66322 13253
256 128 22 t seq 166515 105450
256 128 22 f seq 159884 104486
256 128 24 t seq 887470 817342
256 128 24 f seq 886346 815730
256 256 20 t seq 70275 13068
256 256 20 f seq 71704 14661
256 256 22 t seq 164004 102820
256 256 22 f seq 160937 102953
256 256 24 t seq 871740 802041
256 256 24 f seq 872893 801650
512 16 20 t seq 79380 24376
512 16 20 f seq 78663 24510
512 16 22 t seq 246956 183031
512 16 22 f seq 237275 182992
512 16 24 t seq 1444436 1377234
512 16 24 f seq 1450074 1377588
512 32 20 t seq 67912 13955
512 32 20 f seq 66291 13746
512 32 22 t seq 163810 108953
512 32 22 f seq 162947 109083
512 32 24 t seq 916029 849595
512 32 24 f seq 917432 848327
512 64 20 t seq 66501 13158
512 64 20 f seq 67181 13215
512 64 22 t seq 163740 105034
512 64 22 f seq 162207 105200
512 64 24 t seq 886286 815434
512 64 24 f seq 887507 814835
512 128 20 t seq 66821 12916
512 128 20 f seq 66830 13100
512 128 22 t seq 160018 102626
512 128 22 f seq 160314 102674
512 128 24 t seq 874482 799803
512 128 24 f seq 866364 799922
512 256 20 t seq 68237 12849
512 256 20 f seq 66924 12860
512 256 22 t seq 160323 101919
512 256 22 f seq 158910 102220
512 256 24 t seq 863932 793197
512 256 24 f seq 860919 791560
